#!/bin/bash

if [ $# -lt 1 ] ;then
    echo "Usage: $0 datafile ..."
    exit 1
fi

while [ $# -gt 0 ] ;do

    datafile=$1
    shift
    tempfile=/tmp/plot.$$

    if grep -q "kv committing data" $datafile ;then
	:
    else
	echo "error: $datafile does not appear to be a 'kv committing data' file"
	exit 2
    fi

    if hash shuf 2>/dev/null; then
	shuf $datafile > $tempfile
    elif hash gshuf 2>/dev/null; then
	gshuf $datafile > $tempfile
    else
	cp $datafile $tempfile
    fi

    linestyles='
        set style line 1 pt 1 ps 1 lc "#5da5da" # blue
        set style line 2 pt 1 ps 1 lc "#faa43a" # orange
        set style line 3 pt 1 ps 1 lc "#f17cb0" # pink
        set style line 4 pt 1 ps 1 lc "#60bd68" # green
        set style line 5 pt 1 ps 1 lc "#f15854" # red
        set style line 6 pt 1 ps 1 lc "#decf3f" # yellow
'

    reducexrange='
        # set xrange[0:200000]
        # set xrange[0:900000]
	# set xrange[0:100000]
	# set xrange[0:20000]
	set xrange[0:1000000]
'
    reduceyrange='
        # set yrange[0:1000000]
        # set yrange[0:800000000]
        # set yrange[0:1000000000]
        # set yrange[0:10000000]
        # set yrange[0:200000]
        set yrange[0:800000000]
'

    badcurves='
	fit16(x) = 0.173605043565 * x**3 + 2669.92151895 * x**2 + -0.0414743977606 * x + 2.00570534198e-07
	fit32(x) = 0.0482877522055 * x**3 + 1374.20536458 * x**2 + -0.00958862632001 * x + 2.49769686396e-08
	fit64(x) = 0.0157576790602 * x**3 + 824.918733062 * x**2 + -0.00139782069175 * x + 9.11580668533e-10
	fit128(x) = 2.29326182204e-14 * x**3 + 7.52524120847e-09 * x**2 + 0.00200583698209 * x + -1.99243807694e-09
'
    curves='
	fit16(x) = 0.173605043565 + 2669.92151895 * x + -0.0414743977606 * x**2 + 2.00570534198e-07 * x**3
	fit32(x) = 0.0482877522055 + 1374.20536458 * x + -0.00958862632001 * x**2 + 2.49769686396e-08 * x**3
	fit64(x) = 0.0157576790602 + 824.918733062 * x + -0.00139782069175 * x**2 + 9.11580668533e-10 * x**3
	fit128(x) = 2.29326182204e-14 + 7.52524120847e-09 * x + 0.00200583698209 * x**2 + -1.99243807694e-09 * x**3
'

    if true ; then
    # bytes against max and mean latency
    cat <<EOF | tee /dev/null | gnuplot -p
        set title "t16 cubic fit"
        set xlabel "bytes in throttle"
        set ylabel "max aio latency in commit block (nanoseconds)
        $reducexrange
        $reduceyrange
        $linestyles
	$curves
        plot "kv-committing-regbench-l-t16.data" using (column(9) + column(5)):18 title "t16 avg latency" with points ls 1, \
             fit16(x) notitle ls 8
EOF
    cat <<EOF | tee /dev/null | gnuplot -p
        set title "t32 cubic fit"
        set xlabel "bytes in throttle"
        set ylabel "max aio latency in commit block (nanoseconds)
        $reducexrange
        $reduceyrange
        $linestyles
	$curves
        plot "kv-committing-regbench-l-t32.data" using (column(9) + column(5)):18 title "t32 avg latency" with points ls 2, \
             fit32(x) notitle ls 8
EOF
    cat <<EOF | tee /dev/null | gnuplot -p
        set title "t64 cubic fit"
        set xlabel "bytes in throttle"
        set ylabel "max aio latency in commit block (nanoseconds)
        $reducexrange
        $reduceyrange
        $linestyles
	$curves
        plot "kv-committing-regbench-l-t64.data" using (column(9) + column(5)):18 title "t64 avg latency" with points ls 3, \
             fit64(x) notitle ls 8
EOF
    cat <<EOF | tee /dev/null | gnuplot -p
        set title "t128 cubic fit"
        set xlabel "bytes in throttle"
        set ylabel "max aio latency in commit block (nanoseconds)
        $reducexrange
        $reduceyrange
        $linestyles
	$curves
        plot "kv-committing-regbench-l-t128.data" using (column(9) + column(5)):18 title "t128 avg latency" with points ls 4, \
             fit128(x) notitle ls 8
EOF
    fi

    if false ; then
    cat <<EOF | tee /dev/null | gnuplot -p
        set title "t16 cubic fit"
        set xlabel "bytes in throttle"
        set ylabel "max aio latency in commit block (nanoseconds)
        $reducexrange
        $reduceyrange
        $linestyles
	$curves
        plot "kv-committing-regbench-l-t16.data" using (column(9) + column(5)):18 title "t16 avg latency" with points ls 1, \
	     "kv-committing-regbench-l-t32.data" using (column(9) + column(5)):18 title "t32 avg latency" with points ls 2, \
	     "kv-committing-regbench-l-t64.data" using (column(9) + column(5)):18 title "t64 avg latency" with points ls 3, \
	     "kv-committing-regbench-l-t128.data" using (column(9) + column(5)):18 title "t128 avg latency" with points ls 4, \
             fit16(x) notitle ls 1, \
             fit32(x) notitle ls 2, \
             fit64(x) notitle ls 3, \
             fit128(x) notitle ls 4
EOF
    fi

    if false ; then
    cat <<EOF | tee /dev/null | gnuplot -p
        set title "$datafile commit block average aio latency"
        set xlabel "bytes in throttle"
        set ylabel "average aio latency in commit block (nanoseconds)
        $reducexrange
        $reduceyrange
        $linestyles
        plot "$tempfile" using (column(9) + column(5)):19 title "bytes in throttle / avg latency" with points ls 2
EOF

    cat <<EOF | tee /dev/null | gnuplot -p
        set title "$datafile commit block aio latency"
        set xlabel "bytes in throttle"
        set ylabel "aio latency in commit block (nanoseconds)
        $reducexrange
        $reduceyrange
        $linestyles
        plot "$tempfile" using (column(9) + column(5)):18 title "bytes in throttle / max latency" with points ls 1, \
             "$tempfile" using (column(9) + column(5)):19 title "bytes in throttle / avg latency" with points ls 2
EOF
    fi
done
